1 MAO
536953105

530466
549756084804
2199023420552
-------------

2 MAO
1073824017

673714176
549827387904
1082295424
------------

3 MAO
4398046778402

142641280
69864538116
2208168935936
------------

4 MAO
4398046778402

3489661008
35184489553920
2208153207296
-------------

5 MAO
35184495820800

454656
281474976714504
3489661010
--------------

6 MAO
70368744247569

2251799814244488
1125899907122244
562949953561122
---------------

7 MAO
35184372158737

69864800256
17215660544
277383296
--------------

8 MAO
916451835808256

3432676455744512
149809667285023
4563404919264